A100__cTiO2_ptaa__p1__1.0Sun__Rv__scan0	A100__cTiO2_ptaa__p1__1.0Sun__Rv__scan0	A100__cTiO2_ptaa__p1__1.0Sun__Fw__scan0	A100__cTiO2_ptaa__p1__1.0Sun__Fw__scan0	A100__cTiO2_ptaa__p2__1.0Sun__Rv__scan0	A100__cTiO2_ptaa__p2__1.0Sun__Rv__scan0	A100__cTiO2_ptaa__p2__1.0Sun__Fw__scan0	A100__cTiO2_ptaa__p2__1.0Sun__Fw__scan0	A100__cTiO2_ptaa__p3__1.0Sun__Rv__scan0	A100__cTiO2_ptaa__p3__1.0Sun__Rv__scan0	A100__cTiO2_ptaa__p3__1.0Sun__Fw__scan0	A100__cTiO2_ptaa__p3__1.0Sun__Fw__scan0	A100__cTiO2_ptaa__p4__1.0Sun__Rv__scan0	A100__cTiO2_ptaa__p4__1.0Sun__Rv__scan0	A100__cTiO2_ptaa__p4__1.0Sun__Fw__scan0	A100__cTiO2_ptaa__p4__1.0Sun__Fw__scan0	A100__cTiO2_ptaa__p5__1.0Sun__Rv__scan0	A100__cTiO2_ptaa__p5__1.0Sun__Rv__scan0	A100__cTiO2_ptaa__p5__1.0Sun__Fw__scan0	A100__cTiO2_ptaa__p5__1.0Sun__Fw__scan0	A100__cTiO2_ptaa__p6__1.0Sun__Rv__scan0	A100__cTiO2_ptaa__p6__1.0Sun__Rv__scan0	A100__cTiO2_ptaa__p6__1.0Sun__Fw__scan0	A100__cTiO2_ptaa__p6__1.0Sun__Fw__scan0	A100__cTiO2_ptaa__p7__1.0Sun__Rv__scan0	A100__cTiO2_ptaa__p7__1.0Sun__Rv__scan0	A100__cTiO2_ptaa__p7__1.0Sun__Fw__scan0	A100__cTiO2_ptaa__p7__1.0Sun__Fw__scan0	A100__cTiO2_ptaa__p8__1.0Sun__Rv__scan0	A100__cTiO2_ptaa__p8__1.0Sun__Rv__scan0	A100__cTiO2_ptaa__p8__1.0Sun__Fw__scan0	A100__cTiO2_ptaa__p8__1.0Sun__Fw__scan0
1.360509	-78.812	-0.502595	20.955000000000002	1.369254	-76.44800000000001	-0.499964	18.918	1.359198	-81.594	-0.496732	18.08	1.377083	-78.80199999999999	-0.503391	16.292	1.367319	-79.663	-0.499507	16.544	1.374898	-81.11	-0.500879	16.254	1.367435	-90.794	-0.500125	18.038999999999998	1.373315	-77.127	-0.503201	17.814
1.361711	-80.86699999999999	-0.455548	20.917	1.368737	-77.625	-0.455931	18.878	1.361625	-84.116	-0.45821	18.048000000000002	1.374395	-79.02000000000001	-0.456611	16.204	1.36823	-80.778	-0.457033	16.489	1.373337	-81.615	-0.457715	16.176	1.366927	-92.014	-0.457887	17.979	1.371178	-77.644	-0.455768	17.74
1.346404	-78.401	-0.413164	20.874	1.352639	-74.766	-0.411892	18.828	1.345098	-81.14699999999999	-0.410574	17.99	1.357261	-75.495	-0.412574	16.157	1.351881	-77.77199999999999	-0.41428	16.412	1.356729	-78.083	-0.408763	16.101	1.35258	-88.89099999999999	-0.415358	17.91	1.354745	-74.485	-0.412718	17.718
1.32547	-73.893	-0.365952	20.831	1.329867	-69.81	-0.364799	18.772000000000002	1.325345	-76.61	-0.371983	17.957	1.334639	-70.248	-0.369146	16.096	1.330492	-72.667	-0.367022	16.352999999999998	1.335995	-73.09100000000001	-0.364921	16.011	1.332547	-83.555	-0.368343	17.845	1.332633	-69.55	-0.365313	17.648
1.279798	-62.11	-0.32263	20.831	1.27871	-57.425	-0.322102	18.727	1.281555	-64.665	-0.319623	17.904	1.283622	-57.818	-0.320504	16.011	1.284223	-60.517	-0.3251	16.269	1.285987	-60.497	-0.321118	15.961	1.289388	-70.783	-0.32138	17.793	1.281515	-57.285000000000004	-0.322369	17.608999999999998
1.234107	-49.976	-0.278981	20.767	1.231381	-45.896	-0.279187	18.697	1.23765	-52.288000000000004	-0.276347	17.849	1.23332	-45.672	-0.272422	15.95	1.237097	-48.580999999999996	-0.277679	16.223000000000003	1.237352	-48.211999999999996	-0.277246	15.879999999999999	1.246356	-57.836	-0.278605	17.747	1.232663	-45.583	-0.279791	17.538999999999998
1.188706	-38.168	-0.230572	20.725	1.181573	-34.114	-0.231614	18.624000000000002	1.193871	-40.219	-0.233351	17.828	1.18368	-34.226	-0.233593	15.896	1.188749	-36.638999999999996	-0.229789	16.148	1.187284	-36.202	-0.233422	15.815	1.201887	-44.901	-0.23116	17.680999999999997	1.18214	-33.941	-0.232024	17.489
1.140995	-26.448	-0.186961	20.687	1.131926	-23.21	-0.188731	18.576999999999998	1.146128	-27.958000000000002	-0.185485	17.765	1.132354	-23.421999999999997	-0.185418	15.812	1.139664	-25.336000000000002	-0.186547	16.075	1.13614	-24.968	-0.184963	15.747	1.155425	-32.313	-0.188634	17.621000000000002	1.129691	-22.799	-0.184743	17.44
1.088839	-14.935	-0.138594	20.639	1.079738	-12.947000000000001	-0.141779	18.511	1.093971	-16.114	-0.14276	17.715999999999998	1.074737	-12.902999999999999	-0.14179	15.781	1.083625	-14.246	-0.143263	16.014	1.077427	-13.852	-0.14135	15.675	1.104788	-20.082	-0.140988	17.572999999999997	1.074742	-12.494	-0.141608	17.39
1.033404	-4.547	-0.100285	20.598000000000003	1.021778	-3.403	-0.093043	18.463	1.038258	-5.636	-0.094994	17.666	1.013554	-3.848	-0.09854	15.705	1.02581	-4.675999999999999	-0.09511	15.966000000000001	1.017313	-4.7010000000000005	-0.098534	15.643	1.047484	-8.595	-0.097549	17.508	1.016128	-3.386	-0.098828	17.354000000000003
0.971847	4.466	-0.047281	20.539	0.956365	4.871	-0.0543	18.413	0.971628	3.698	-0.052264	17.597	0.945689	3.595	-0.051606	15.66	0.955355	3.294	-0.051909	15.889000000000001	0.949913	2.864	-0.051284	15.579	0.980192	1.4289999999999998	-0.049363	17.451	0.952795	4.116	-0.051769	17.285999999999998
0.900922	11.682	-0.010371	20.494	0.896554	10.177999999999999	-0.005343	18.35	0.893788	10.685	-0.009435	17.573999999999998	0.900393	7.133	-0.005188	15.568	0.892825	8.177	-0.003501	15.805	0.896833	7.063	-0.003678	15.532	0.902266	8.954	-0.006034	17.386	0.897083	8.829	-0.008931	17.24
0.850218	14.919	0.039572	20.424	0.853758	12.728	0.038779	18.305	0.853383	12.819	0.038308	17.503	0.875593	8.521	0.037168	15.517	0.856672	10.082	0.039793	15.73	0.854408	9.459999999999999	0.034196	15.445	0.849022	12.073	0.037384	17.329	0.852304	11.424999999999999	0.038395	17.175
0.824185	15.889000000000001	0.080518	20.362000000000002	0.828081	13.679	0.087845	18.22	0.826462	13.724	0.085623	17.444000000000003	0.839885	10.264000000000001	0.079137	15.421000000000001	0.82769	11.119	0.083492	15.654000000000002	0.828425	10.474	0.086331	15.357000000000001	0.825314	12.869	0.084935	17.241	0.825969	12.392999999999999	0.085862	17.104000000000003
0.790064	16.976000000000003	0.125885	20.29	0.78875	15.023	0.126736	18.144000000000002	0.784041	14.985	0.128642	17.375999999999998	0.794674	11.972999999999999	0.130466	15.328	0.793135	12.425	0.12659	15.562	0.787799	11.927	0.128994	15.292	0.786922	14.106	0.12821	17.174	0.788291	13.647	0.128258	17.027
0.740326	18.287000000000003	0.170675	20.192999999999998	0.741579	16.214	0.17507	18.026	0.737911	15.913	0.171583	17.296	0.741625	13.472	0.173159	15.224	0.743995	13.775	0.173733	15.436	0.740308	13.192	0.173028	15.2	0.738915	15.272	0.171229	17.086000000000002	0.740102	14.853	0.171544	16.936
0.692101	19.012999999999998	0.215621	20.064999999999998	0.690021	17.041	0.218616	17.947000000000003	0.688273	16.573	0.21914	17.184	0.694479	14.271	0.21686	15.110999999999999	0.69356	14.606	0.220925	15.276	0.693954	14.037	0.216963	15.058	0.69106	16.001	0.218977	16.924000000000003	0.688429	15.726	0.21933	16.795
0.641565	19.512999999999998	0.261178	19.912	0.642422	17.481	0.265454	17.77	0.64368	16.879	0.266419	17.035	0.644584	14.840000000000002	0.265041	14.918000000000001	0.641298	15.143	0.258244	15.143	0.644372	14.609	0.265679	14.885	0.640566	16.529	0.26647	16.764000000000003	0.645229	16.116	0.267187	16.638
0.597349	19.757	0.3091	19.679	0.593721	17.782	0.307276	17.597	0.589885	17.219	0.303454	16.889999999999997	0.591717	15.171000000000001	0.308367	14.719	0.591912	15.487	0.308966	14.886999999999999	0.596066	14.908	0.313278	14.666	0.595745	16.741	0.308786	16.604	0.592197	16.529	0.304801	16.477
0.546323	20.024	0.351105	19.423	0.547722	17.942	0.352841	17.322	0.547959	17.304	0.353736	16.605	0.549423	15.248	0.354877	14.449	0.543777	15.572000000000001	0.349806	14.652	0.546063	15.049999999999999	0.351224	14.469	0.545333	16.938000000000002	0.350357	16.363	0.545226	16.688000000000002	0.351271	16.195999999999998
0.4979	20.165	0.396538	19.039	0.500117	18.044	0.393444	17.013	0.50072	17.410999999999998	0.398533	16.285	0.497949	15.314	0.397341	14.182	0.500508	15.616	0.399016	14.272	0.499236	15.100000000000001	0.397311	14.142	0.502675	16.958000000000002	0.396099	16.018	0.502208	16.746000000000002	0.400988	15.808
0.453354	20.232	0.441051	18.555	0.456629	18.091	0.440992	16.549	0.457937	17.438	0.438084	15.961	0.457366	15.302	0.442606	13.795	0.456842	15.692000000000002	0.438965	13.943999999999999	0.460943	15.043000000000001	0.443064	13.719999999999999	0.453934	17.0	0.440427	15.609	0.453347	16.788	0.441059	15.454
0.408255	20.282	0.48404	17.96	0.407875	18.095	0.483855	16.057	0.409402	17.491	0.484124	15.424	0.406842	15.315000000000001	0.486756	13.370999999999999	0.40806	15.696000000000002	0.486246	13.442	0.405294	15.106	0.484914	13.32	0.409539	17.031000000000002	0.487484	15.082999999999998	0.40887	16.796	0.483942	14.992
0.363087	20.320999999999998	0.529274	17.209	0.368335	18.105	0.528527	15.408	0.365674	17.482	0.529425	14.836	0.361672	15.303	0.528336	12.9	0.363985	15.713999999999999	0.528661	12.931	0.359713	15.109	0.52563	12.815999999999999	0.364343	17.021	0.528473	14.565	0.364371	16.823	0.52549	14.446
0.317612	20.337999999999997	0.57192	16.396	0.314874	18.141000000000002	0.568352	14.785	0.316963	17.519	0.569773	14.225	0.316285	15.327	0.573134	12.315	0.319815	15.723999999999998	0.574654	12.285	0.319222	15.082999999999998	0.569705	12.192	0.319302	17.02	0.568832	13.972	0.319501	16.836	0.5736	13.649
0.272093	20.328	0.609501	15.608	0.275121	18.127000000000002	0.614172	13.869	0.272631	17.502	0.612852	13.424	0.275289	15.306000000000001	0.613508	11.749	0.275898	15.732	0.61556	11.68	0.273698	15.100999999999999	0.61648	11.394	0.270066	17.037	0.614718	13.116	0.274642	16.836	0.61346	12.969
0.233379	20.361	0.655432	14.381	0.231179	18.131	0.659099	12.901	0.233614	17.497	0.658121	12.482999999999999	0.224919	15.336	0.659912	10.885	0.227176	15.745	0.662505	10.796999999999999	0.22837	15.11	0.658887	10.663	0.230042	17.048000000000002	0.656519	12.286999999999999	0.229688	16.871000000000002	0.659336	12.007
0.187037	20.36	0.700424	13.075	0.181978	18.169999999999998	0.699562	11.934999999999999	0.179653	17.528	0.703	11.423	0.184466	15.336	0.70544	9.994	0.183167	15.755999999999998	0.701056	10.128	0.182912	15.14	0.704183	9.73	0.185611	17.046	0.700428	11.264	0.180559	16.886000000000003	0.7044	10.979
0.141067	20.395	0.741671	11.824	0.137222	18.180000000000003	0.745261	10.626	0.140619	17.541	0.746709	10.283999999999999	0.140409	15.347	0.747416	9.12	0.13875	15.75	0.748187	9.037999999999998	0.137252	15.164	0.746362	8.8	0.136902	17.090999999999998	0.747539	9.995000000000001	0.140352	16.884	0.745353	9.995000000000001
0.094794	20.393	0.784857	10.299000000000001	0.09281	18.2	0.786342	9.439	0.091865	17.555	0.789405	9.072999999999999	0.093209	15.367	0.791334	8.054	0.094755	15.77	0.788013	8.139000000000001	0.093774	15.195	0.791013	7.644	0.092822	17.111	0.790505	8.762	0.093212	16.936	0.791404	8.616999999999999
0.049039	20.426	0.829738	8.511	0.048297	18.23	0.832006	7.8100000000000005	0.048795	17.552000000000003	0.833569	7.5969999999999995	0.05075	15.446	0.834133	6.891	0.050305	15.806000000000001	0.835993	6.7330000000000005	0.05066	15.216999999999999	0.837112	6.289000000000001	0.049593	17.13	0.835291	7.272	0.05004	16.971	0.833044	7.326
0.007685	20.448999999999998	0.870334	6.792000000000001	0.003633	18.241	0.873296	6.218	0.00512	17.585	0.875721	6.042	0.002987	15.461	0.877975	5.433999999999999	0.001707	15.837	0.876593	5.458	0.002874	15.294	0.878673	4.944	0.005871	17.166	0.875372	5.794	0.00727	17.0	0.875743	5.718
-0.038058	20.477	0.913844	4.498	-0.040656	18.287000000000003	0.914698	4.315	-0.037938	17.607000000000003	0.916181	4.257000000000001	-0.039539	15.508	0.919591	3.791	-0.041934	15.876000000000001	0.918419	3.864	-0.03965	15.350000000000001	0.920462	3.254	-0.042415	17.226000000000003	0.918371	3.833	-0.04037	17.05	0.916057	3.92
-0.086621	20.505	0.954492	2.025	-0.085005	18.321	0.956282	1.946	-0.085585	17.65	0.95828	1.975	-0.081909	15.548	0.960353	1.729	-0.085758	15.91	0.959838	1.803	-0.082284	15.403	0.958347	1.385	-0.085785	17.283	0.957757	1.589	-0.087843	17.105999999999998	0.957809	1.6280000000000001
-0.130221	20.535	0.992948	-0.795	-0.133946	18.381999999999998	0.994242	-0.6679999999999999	-0.133438	17.679000000000002	0.996953	-0.6579999999999999	-0.128664	15.625	0.999813	-0.803	-0.129151	15.959999999999999	0.999689	-0.6930000000000001	-0.134516	15.455	0.999506	-1.297	-0.129123	17.338	0.99586	-1.0690000000000002	-0.130648	17.153000000000002	0.995699	-0.9560000000000001
-0.17874	20.593	1.029842	-4.107	-0.17649	18.423	1.033171	-4.018	-0.171648	17.711000000000002	1.033842	-3.722	-0.17725	15.699000000000002	1.035129	-3.6719999999999997	-0.177754	15.998999999999999	1.037642	-3.766	-0.172675	15.549	1.034474	-4.087999999999999	-0.176905	17.419	1.031779	-4.218999999999999	-0.173252	17.207	1.034218	-4.207
-0.217426	20.604999999999997	1.066992	-8.106	-0.218966	18.471	1.069828	-7.83	-0.224382	17.753	1.070811	-7.588	-0.22525	15.778	1.072765	-7.444	-0.220828	16.080000000000002	1.07328	-7.314	-0.226065	15.633999999999999	1.072011	-7.814	-0.219098	17.475	1.069978	-8.349	-0.220781	17.277	1.070772	-7.971000000000001
-0.265692	20.654	1.141133	-17.76	-0.266778	18.522000000000002	1.106465	-12.357999999999999	-0.267252	17.808	1.107145	-12.158999999999999	-0.264242	15.827	1.108896	-11.768	-0.269033	16.132	1.108495	-11.579	-0.264695	15.719000000000001	1.111158	-12.411	-0.266428	17.54	1.141106	-17.636	-0.267961	17.36	1.106453	-12.312
-0.314113	20.708000000000002	1.198683	-26.965	-0.309273	18.596999999999998	1.178665	-22.512	-0.310748	17.829	1.176665	-22.319	-0.312448	15.918000000000001	1.182755	-21.802	-0.306645	16.198	1.178934	-21.569000000000003	-0.313113	15.81	1.185482	-22.343	-0.308699	17.614	1.197058	-26.589000000000002	-0.310452	17.427999999999997	1.18096	-22.622
-0.357588	20.764999999999997	1.240598	-35.659000000000006	-0.356795	18.665999999999997	1.232779	-32.052	-0.353348	17.878	1.229718	-32.284	-0.355787	15.982	1.235618	-30.977	-0.353879	16.278000000000002	1.233418	-31.002	-0.351644	15.896	1.239867	-31.451	-0.3557	17.706	1.238631	-35.268	-0.352937	17.498	1.235635	-32.116
-0.399942	20.8	1.275787	-44.96	-0.399115	18.735000000000003	1.275893	-41.766999999999996	-0.401502	17.937	1.268362	-42.244	-0.399166	16.07	1.278391	-40.394	-0.400816	16.35	1.275725	-40.577000000000005	-0.405253	16.0	1.280556	-40.425999999999995	-0.402279	17.788999999999998	1.274653	-44.866	-0.400289	17.581	1.277295	-41.487
-0.446751	20.865000000000002	1.308979	-55.433	-0.447442	18.798	1.312152	-51.907000000000004	-0.448992	17.993	1.301977	-53.236	-0.447252	16.17	1.316068	-50.497	-0.448224	16.426	1.310607	-50.872	-0.443859	16.096	1.318564	-50.575	-0.444275	17.888	1.308001	-55.717999999999996	-0.447206	17.644	1.31417	-51.54
-0.48892	20.909	1.340166	-66.993	-0.490667	18.866999999999997	1.347586	-63.26	-0.486747	18.055999999999997	1.332904	-65.471	-0.494111	16.259	1.350749	-61.212	-0.490514	16.493000000000002	1.344171	-61.726000000000006	-0.491929	16.192	1.351932	-61.392	-0.491334	17.985	1.33765	-67.423	-0.489628	17.769	1.349256	-62.464999999999996
-0.535586	20.985	1.370077	-79.519	-0.539112	18.946	1.380839	-75.17699999999999	-0.54065	18.113	1.362181	-78.65700000000001	-0.531694	16.336	1.386002	-72.927	-0.537421	16.62	1.376873	-73.93900000000001	-0.538738	16.292	1.383337	-72.77799999999999	-0.533527	18.064	1.366736	-80.187	-0.536686	17.837	1.383656	-74.16499999999999
