B1__NOcTiO2_ptaa__p1__1.0Sun__Rv__scan0	B1__NOcTiO2_ptaa__p1__1.0Sun__Rv__scan0	B1__NOcTiO2_ptaa__p1__1.0Sun__Fw__scan0	B1__NOcTiO2_ptaa__p1__1.0Sun__Fw__scan0	B1__NOcTiO2_ptaa__p2__1.0Sun__Rv__scan0	B1__NOcTiO2_ptaa__p2__1.0Sun__Rv__scan0	B1__NOcTiO2_ptaa__p2__1.0Sun__Fw__scan0	B1__NOcTiO2_ptaa__p2__1.0Sun__Fw__scan0	B1__NOcTiO2_ptaa__p3__1.0Sun__Rv__scan0	B1__NOcTiO2_ptaa__p3__1.0Sun__Rv__scan0	B1__NOcTiO2_ptaa__p3__1.0Sun__Fw__scan0	B1__NOcTiO2_ptaa__p3__1.0Sun__Fw__scan0	B1__NOcTiO2_ptaa__p4__1.0Sun__Rv__scan0	B1__NOcTiO2_ptaa__p4__1.0Sun__Rv__scan0	B1__NOcTiO2_ptaa__p4__1.0Sun__Fw__scan0	B1__NOcTiO2_ptaa__p4__1.0Sun__Fw__scan0	B1__NOcTiO2_ptaa__p5__1.0Sun__Rv__scan0	B1__NOcTiO2_ptaa__p5__1.0Sun__Rv__scan0	B1__NOcTiO2_ptaa__p5__1.0Sun__Fw__scan0	B1__NOcTiO2_ptaa__p5__1.0Sun__Fw__scan0	B1__NOcTiO2_ptaa__p6__1.0Sun__Rv__scan0	B1__NOcTiO2_ptaa__p6__1.0Sun__Rv__scan0	B1__NOcTiO2_ptaa__p6__1.0Sun__Fw__scan0	B1__NOcTiO2_ptaa__p6__1.0Sun__Fw__scan0	B1__NOcTiO2_ptaa__p7__1.0Sun__Rv__scan0	B1__NOcTiO2_ptaa__p7__1.0Sun__Rv__scan0	B1__NOcTiO2_ptaa__p7__1.0Sun__Fw__scan0	B1__NOcTiO2_ptaa__p7__1.0Sun__Fw__scan0	B1__NOcTiO2_ptaa__p8__1.0Sun__Rv__scan0	B1__NOcTiO2_ptaa__p8__1.0Sun__Rv__scan0	B1__NOcTiO2_ptaa__p8__1.0Sun__Fw__scan0	B1__NOcTiO2_ptaa__p8__1.0Sun__Fw__scan0
1.355417	-82.892	-0.493162	22.144000000000002	1.370863	-79.893	-0.505934	21.707	1.348492	-70.809	-0.512898	31.024	1.366832	-71.61	-0.499014	20.429	1.365495	-92.519	-0.503261	17.242	1.365368	-74.71	-0.502721	15.986	1.361844	-91.186	-0.483737	21.762	1.504248	-174.163	-0.502298	29.811
1.357438	-85.41600000000001	-0.466735	21.554	1.372016	-82.115	-0.461357	21.123	1.351493	-74.245	-0.473569	29.58	1.367453	-73.026	-0.466084	19.674	1.36526	-94.075	-0.462974	17.01	1.365208	-76.19099999999999	-0.45338	15.948	1.36327	-93.373	-0.458397	21.498	1.53287	-162.509	-0.46939	29.1
1.342216	-83.15400000000001	-0.411363	21.258	1.358054	-78.193	-0.420747	20.535	1.335987	-72.477	-0.435378	28.045	1.347833	-70.081	-0.417253	19.387	1.349059	-90.999	-0.411326	16.8	1.348904	-73.45	-0.41439	15.907999999999998	1.348604	-90.67699999999999	-0.421152	21.042	1.531095	-151.79899999999998	-0.429448	27.830000000000002
1.323189	-79.068	-0.371357	20.888	1.308915	-68.00200000000001	-0.376102	19.874	1.3204	-68.535	-0.38672	26.572	1.325059	-65.56099999999999	-0.372922	19.107	1.328468	-86.003	-0.369644	16.604	1.32708	-68.93	-0.365208	15.866000000000001	1.328402	-85.747	-0.37101	20.452	1.449991	-127.58500000000001	-0.386535	26.406
1.278699	-66.956	-0.331022	20.336	1.262327	-57.269	-0.330531	19.216	1.271191	-57.319	-0.338008	25.062	1.273315	-53.943	-0.327841	18.564	1.285783	-73.946	-0.323078	16.415	1.277621	-57.302	-0.321119	15.831000000000001	1.285259	-73.017	-0.328296	20.027	1.393602	-107.266	-0.33951	24.922
1.23643	-54.798	-0.281349	20.095	1.2163	-46.477	-0.283453	18.700000000000003	1.227097	-46.073	-0.291027	23.758000000000003	1.225037	-42.771	-0.280683	18.155	1.244121	-61.573	-0.275795	16.237000000000002	1.228525	-45.342	-0.276607	15.807000000000002	1.243522	-60.3	-0.286071	19.571	1.314641	-88.075	-0.293726	23.499
1.193212	-42.485	-0.237125	19.490000000000002	1.151909	-37.191	-0.237303	18.113	1.174613	-35.196	-0.247696	22.554000000000002	1.173263	-31.557000000000002	-0.238098	17.79	1.200241	-48.696999999999996	-0.233073	16.099	1.18033	-34.114	-0.227712	15.757	1.200755	-47.429	-0.235103	19.083	1.246361	-72.1	-0.254717	21.881999999999998
1.146484	-29.866	-0.195643	19.011	0.995862	-36.869	-0.187976	17.779	1.127947	-24.519	-0.1995	21.334	1.124088	-21.188	-0.196511	17.287	1.155508	-36.216	-0.190739	15.951	1.130879	-23.394000000000002	-0.188164	15.748999999999999	1.155833	-34.756	-0.192896	18.623	1.174492	-57.306999999999995	-0.202981	20.517
1.098681	-18.294999999999998	-0.148474	18.609	1.034963	-37.105	-0.146975	17.565	1.074019	-14.728	-0.154518	20.272	1.068069	-11.284	-0.143745	16.965999999999998	1.106891	-23.986	-0.140621	15.803	1.077761	-13.093	-0.139439	15.713000000000001	1.106103	-22.041	-0.150588	18.200999999999997	1.048923	-49.309	-0.154167	19.261
1.043995	-7.128	-0.100093	18.233	1.005312	-36.526	-0.098148	17.304	0.777449	-23.337	-0.108903	19.268	1.010418	-2.7	-0.099318	16.701	1.050457	-11.857	-0.100711	15.655	1.020689	-3.9810000000000003	-0.096185	15.693999999999999	1.052109	-10.378	-0.099059	17.648	0.995109	-46.309999999999995	-0.108278	18.172
0.980423	2.665	-0.049875	17.926000000000002	0.998581	-32.97	-0.053078	17.105999999999998	1.048266	-11.059	-0.062694	18.287000000000003	0.948381	4.099	-0.054307	16.435000000000002	0.989641	-1.699	-0.056171	15.533999999999999	0.956452	3.6870000000000003	-0.052824	15.655	0.990492	0.034999999999999996	-0.057067	17.2	0.999255	-42.82	-0.064916	17.18
0.905253	10.167	-0.012821	17.748	0.900191	-33.388	-0.012463	16.918	0.773674	-27.45	-0.020405	17.457	0.895275	8.040000000000001	-0.00889	16.194	0.91763	6.566	-0.011508	15.42	0.892345	8.792	-0.004693	15.596	0.916077	8.371	-0.015082	16.727	0.961505	-38.632	-0.021721	16.118000000000002
0.84693	13.439	0.037906	17.45	0.924841	-28.538	0.036272	16.635	1.025934	-9.706	0.026315	16.594	0.856126	10.106	0.036367	15.945	0.841175	11.643	0.038519	15.363	0.852994	10.637	0.038235	15.549	0.842634	12.991000000000001	0.030594	16.17	0.877588	-28.987	0.024634	14.998
0.823483	13.883	0.079489	17.249	0.932766	-27.148	0.080557	16.399	1.002362	-3.292	0.073056	15.753	0.83021	11.06	0.077106	15.732	0.805642	12.706	0.079874	15.358	0.823646	11.388	0.080845	15.488	0.798832	13.333	0.076271	15.592	0.807427	-22.936	0.066948	13.927999999999999
0.780813	15.110999999999999	0.127191	16.747	0.870019	-19.816	0.124792	16.114	0.625241	-6.794	0.122858	15.093	0.787451	12.152	0.127072	15.433	0.76136	11.971	0.126242	15.265	0.784137	12.494	0.128879	15.387	0.772985	13.558	0.120885	14.966	0.769054	-20.135	0.108274	12.769
0.734993	15.745	0.168711	16.492	0.736361	-12.151	0.131982	12.811	0.874279	4.798	0.166048	14.686	0.734128	12.85	0.172079	15.177	0.737251	12.802	0.176071	15.19	0.737852	13.457	0.172252	15.270999999999999	0.730467	14.037	0.166345	14.277	0.74872	-18.462	0.159514	11.286
0.689039	16.371	0.216309	15.953999999999999	0.614443	-14.004000000000001	0.157752	7.764	0.587228	-9.972	0.212481	14.024	0.66392	11.571	0.212986	14.897	0.688592	13.526	0.220831	15.091000000000001	0.687894	14.139000000000001	0.219783	15.108	0.686572	14.38	0.210434	13.525	0.70968	-16.406	0.203853	10.014999999999999
0.637368	16.544	0.25986	15.502	0.610831	-15.77	0.351747	6.365	0.640843	-7.063	0.256435	13.161000000000001	0.63843	11.828999999999999	0.262383	14.524000000000001	0.640124	13.863999999999999	0.264493	14.937000000000001	0.643866	14.472000000000001	0.261606	14.911000000000001	0.641566	15.007	0.253653	12.666	0.677101	-13.347	0.249476	8.435
0.592348	16.845	0.310304	15.598	0.594402	-15.537	0.361798	10.074	0.633472	-3.9579999999999997	0.301645	12.383999999999999	0.588052	11.68	0.30756	14.181	0.596556	14.212000000000002	0.307666	14.749	0.595294	14.822000000000001	0.307512	14.604000000000001	0.596231	15.261000000000001	0.299479	12.041	0.628372	-10.295	0.292693	7.067
0.549502	16.948999999999998	0.354219	15.589	0.609633	-10.584	0.291472	5.446999999999999	0.603253	0.36900000000000005	0.34562	11.533	0.558391	12.338	0.344431	13.597	0.543871	14.225	0.354876	14.456999999999999	0.544549	15.007	0.352402	14.241999999999999	0.544655	15.375	0.374913	13.266	0.580388	-7.5729999999999995	0.340236	5.636
0.505199	17.369	0.389503	14.898	0.624347	-8.693	0.349377	8.751	0.47212	5.792000000000001	0.389607	10.699	0.502191	12.482	0.394908	13.287	0.499058	14.137	0.396173	14.131	0.505828	15.022	0.392492	13.873999999999999	0.505507	15.716999999999999	0.40737	13.889000000000001	0.536688	-4.556	0.378798	4.178
0.451379	17.368000000000002	0.440744	14.327	0.488228	-5.812	0.407466	5.884	0.335246	-2.4299999999999997	0.424104	9.15	0.451565	12.33	0.431217	11.893	0.456237	14.131	0.440043	13.669	0.453463	15.116	0.438953	13.289	0.449384	15.204	0.448178	13.923	0.480456	-2.666	0.42051	2.373
0.409268	17.182	0.480976	13.629999999999999	0.393136	-7.1739999999999995	0.470719	4.534	0.416434	2.281	0.461389	7.173	0.403668	11.719999999999999	0.482062	11.308	0.413533	14.272	0.481602	13.129999999999999	0.409183	15.14	0.48421	12.645	0.414222	15.533	0.48072	13.458	0.448866	-0.111	0.459832	0.38499999999999995
0.365845	17.23	0.523749	12.769	0.459703	0.094	0.488381	1.16	0.428273	4.283	0.519369	5.728	0.340942	9.939	0.529127	10.847000000000001	0.365655	14.491999999999999	0.525068	12.447	0.364672	15.177	0.524734	12.042	0.358693	15.405999999999999	0.526089	12.85	0.404726	2.568	0.50143	-1.7799999999999998
0.316629	17.204	0.56197	11.549999999999999	0.432801	0.9219999999999999	0.55506	-0.7060000000000001	0.324315	4.589	0.553867	3.96	0.324498	10.57	0.554025	9.063999999999998	0.321393	14.611	0.567368	11.643	0.319762	15.181999999999999	0.567481	11.251000000000001	0.316397	15.187000000000001	0.569232	12.112	0.339154	4.005	0.547222	-4.113
0.278573	17.294	0.60963	10.355	0.328797	4.583	0.58582	-3.6740000000000004	0.300951	6.635000000000001	0.589676	1.201	0.309214	13.157	0.613457	8.11	0.272166	14.761	0.611571	10.615	0.270687	15.226999999999999	0.612842	10.272	0.285292	15.852000000000002	0.612597	10.964	0.293596	5.567	0.58921	-6.917999999999999
0.230891	17.418	0.653324	8.792	0.265361	7.39	0.645608	-5.944	0.24545	8.113999999999999	0.634914	-1.297	0.24285	14.127	0.657655	7.426	0.227787	14.850999999999999	0.654505	9.485999999999999	0.231238	15.225999999999999	0.657072	9.196	0.232663	15.979000000000001	0.655378	9.801	0.249563	7.261	0.634701	-9.804
0.18291	17.546	0.704194	7.783	0.212512	9.978000000000002	0.682263	-8.468	0.205523	9.658	0.700173	-2.5709999999999997	0.189989	14.64	0.694931	5.8500000000000005	0.18341	14.964	0.698056	7.933000000000001	0.1819	15.26	0.700877	8.018	0.185374	16.142	0.69528	8.392	0.207582	9.116000000000001	0.667634	-13.288
0.139482	17.648	0.749779	7.2	0.163338	12.068000000000001	0.7295	-10.9	0.166496	12.030000000000001	0.746582	-3.419	0.140876	14.992999999999999	0.74622	4.705	0.138757	15.063	0.741175	6.315	0.142434	15.287	0.743335	6.762	0.138138	16.285999999999998	0.737295	6.842	0.160811	11.014	0.705443	-17.45
0.096016	17.733999999999998	0.786833	5.9670000000000005	0.122931	14.454	0.75988	-13.950000000000001	0.127049	14.307	0.778822	-5.384	0.103664	15.494000000000002	0.781236	3.003	0.095631	15.14	0.784999	4.772	0.093404	15.325999999999999	0.787154	5.266	0.095765	16.363	0.783573	5.244000000000001	0.11299	12.766	0.796079	-25.578
0.048466	17.848	0.828698	4.021	0.063355	15.445	0.810109	-16.901	0.067648	15.674000000000001	0.84624	-5.744	0.05463	15.86	0.830082	1.65	0.055126	15.238	0.826088	3.021	0.050244	15.342	0.829773	3.662	0.053525	16.468	0.82552	3.316	0.069944	14.128	0.839341	-31.132
0.004728	17.944000000000003	0.867901	2.25	0.017223	16.277	0.866269	-19.02	0.014622	16.8	0.891496	-6.106	0.009061	16.083	0.868297	-0.15	0.004986	15.282	0.867928	0.9219999999999999	0.006757	15.373	0.870969	1.943	0.006807	16.605999999999998	0.866959	1.381	0.020679	15.41	0.915753	-37.164
-0.039171	17.992	0.908074	-0.232	-0.030102	17.024	0.914881	-20.747	-0.027432	17.633	0.919841	-7.689	-0.041388	16.298	0.910404	-2.4099999999999997	-0.036075	15.312	0.909496	-1.3179999999999998	-0.041255	15.424999999999999	0.912133	-0.044	-0.039566	16.721	0.908723	-0.9959999999999999	-0.022722	16.393	0.952127	-38.198
-0.087324	18.076999999999998	0.954508	-2.581	-0.076878	17.458000000000002	0.964055	-22.189	-0.073511	18.537000000000003	0.952996	-10.004000000000001	-0.08315	16.473000000000003	0.956791	-4.6129999999999995	-0.081537	15.37	0.952629	-3.736	-0.084932	15.442	0.955258	-2.512	-0.081153	16.853	0.950697	-3.694	-0.071152	17.381	0.96379	-39.994
-0.125668	18.145999999999997	0.992727	-5.523	-0.126703	18.020999999999997	0.9967	-24.913	-0.113467	20.023	1.016816	-11.179	-0.128745	16.621	0.997768	-6.91	-0.132021	15.405000000000001	0.992127	-6.463	-0.132879	15.481	0.993205	-4.995	-0.132353	16.996000000000002	0.990384	-6.548	-0.116945	18.287000000000003	0.979642	-43.573
-0.176781	18.267	1.02983	-8.929	-0.167061	18.615	1.051449	-26.698	-0.150086	22.1	1.051731	-13.03	-0.169621	16.811	1.037416	-9.669	-0.168652	15.424	1.03137	-9.577	-0.175991	15.532	1.033693	-8.033999999999999	-0.175167	17.079	1.031598	-10.067	-0.164948	19.219	1.017145	-47.818
-0.218615	18.363	1.06785	-12.654	-0.213964	19.143	1.084795	-29.34	-0.188015	24.448	1.086372	-15.948	-0.219897	16.979999999999997	1.076253	-12.9	-0.213611	16.083	1.071536	-13.254999999999999	-0.220074	15.58	1.073838	-11.572000000000001	-0.218569	17.055	1.069631	-13.812	-0.211605	20.221	1.088585	-57.443
-0.258895	18.927	1.106185	-17.356	-0.264961	19.381	1.120584	-32.742	-0.228648	27.371	1.111162	-19.974	-0.265602	17.115	1.113408	-16.788999999999998	-0.26448	16.354	1.112155	-17.611	-0.264379	15.607	1.112332	-15.611	-0.265653	17.105999999999998	1.108431	-18.198	-0.253536	21.238	1.159209	-66.01700000000001
-0.303366	19.171	1.178371	-27.041	-0.292011	20.679	1.153092	-37.114000000000004	-0.280123	29.858	1.190984	-28.889000000000003	-0.306662	17.233999999999998	1.14995	-21.433	-0.310465	16.613	1.189067	-26.82	-0.31328	15.675	1.188715	-24.843	-0.307603	17.2	1.181434	-28.083000000000002	-0.297059	22.468	1.194749	-73.488
-0.356122	19.529999999999998	1.23205	-36.495	-0.358165	20.477999999999998	1.225745	-46.868	-0.368823	29.01	1.24392	-36.831	-0.34089	18.288	1.223751	-31.745	-0.351302	16.862	1.23656	-35.736	-0.357005	15.729	1.238477	-33.282	-0.354362	17.319000000000003	1.232703	-37.289	-0.343376	23.494	1.253858	-81.293
-0.396132	19.813000000000002	1.273498	-46.861	-0.401562	20.529	1.291869	-55.422	-0.39781	29.413	1.285732	-45.623999999999995	-0.397859	18.688	1.27423	-41.652	-0.402837	17.085	1.271517	-45.504999999999995	-0.400657	15.806000000000001	1.277869	-42.739	-0.397006	17.76	1.267926	-47.463	-0.387329	24.584000000000003	1.289021	-88.04299999999999
-0.441353	20.087	1.303034	-57.727000000000004	-0.444286	20.629	1.336111	-63.055	-0.436683	30.142	1.314623	-55.479	-0.43824	19.258999999999997	1.316225	-51.409000000000006	-0.440931	17.2	1.301418	-56.497	-0.449581	15.858	1.312554	-53.167	-0.444268	17.849	1.297393	-58.777	-0.421349	26.269000000000002	1.339168	-97.14399999999999
-0.486213	20.813000000000002	1.331	-69.591	-0.480211	21.502	1.364968	-72.31700000000001	-0.479998	30.927	1.344435	-66.69600000000001	-0.481126	19.619	1.351061	-62.468999999999994	-0.492016	17.373	1.328355	-68.283	-0.488343	15.935999999999998	1.344713	-64.364	-0.460263	20.256	1.327452	-71.284	-0.472654	27.787	1.377323	-106.317
-0.523889	21.633	1.361783	-83.153	-0.530917	22.009999999999998	1.403729	-82.80999999999999	-0.522449	31.747999999999998	1.371337	-79.371	-0.530297	20.246	1.383177	-74.029	-0.53354	17.500999999999998	1.356942	-81.471	-0.535684	16.007	1.376637	-76.418	-0.533431	20.546	1.356968	-85.095	-0.504779	29.973	1.413546	-115.748
