B3__NOcTiO2_spiro__p1__1.0Sun__Rv__scan0	B3__NOcTiO2_spiro__p1__1.0Sun__Rv__scan0	B3__NOcTiO2_spiro__p1__1.0Sun__Fw__scan0	B3__NOcTiO2_spiro__p1__1.0Sun__Fw__scan0	B3__NOcTiO2_spiro__p2__1.0Sun__Rv__scan0	B3__NOcTiO2_spiro__p2__1.0Sun__Rv__scan0	B3__NOcTiO2_spiro__p2__1.0Sun__Fw__scan0	B3__NOcTiO2_spiro__p2__1.0Sun__Fw__scan0	B3__NOcTiO2_spiro__p3__1.0Sun__Rv__scan0	B3__NOcTiO2_spiro__p3__1.0Sun__Rv__scan0	B3__NOcTiO2_spiro__p3__1.0Sun__Fw__scan0	B3__NOcTiO2_spiro__p3__1.0Sun__Fw__scan0	B3__NOcTiO2_spiro__p4__1.0Sun__Rv__scan0	B3__NOcTiO2_spiro__p4__1.0Sun__Rv__scan0	B3__NOcTiO2_spiro__p4__1.0Sun__Fw__scan0	B3__NOcTiO2_spiro__p4__1.0Sun__Fw__scan0	B3__NOcTiO2_spiro__p5__1.0Sun__Rv__scan0	B3__NOcTiO2_spiro__p5__1.0Sun__Rv__scan0	B3__NOcTiO2_spiro__p5__1.0Sun__Fw__scan0	B3__NOcTiO2_spiro__p5__1.0Sun__Fw__scan0	B3__NOcTiO2_spiro__p6__1.0Sun__Rv__scan0	B3__NOcTiO2_spiro__p6__1.0Sun__Rv__scan0	B3__NOcTiO2_spiro__p6__1.0Sun__Fw__scan0	B3__NOcTiO2_spiro__p6__1.0Sun__Fw__scan0	B3__NOcTiO2_spiro__p7__1.0Sun__Rv__scan0	B3__NOcTiO2_spiro__p7__1.0Sun__Rv__scan0	B3__NOcTiO2_spiro__p7__1.0Sun__Fw__scan0	B3__NOcTiO2_spiro__p7__1.0Sun__Fw__scan0	B3__NOcTiO2_spiro__p8__1.0Sun__Rv__scan0	B3__NOcTiO2_spiro__p8__1.0Sun__Rv__scan0	B3__NOcTiO2_spiro__p8__1.0Sun__Fw__scan0	B3__NOcTiO2_spiro__p8__1.0Sun__Fw__scan0
1.31702	-48.963	-0.501813	20.902	1.323648	-44.637	-0.500022	20.603	1.325836	-50.446999999999996	-0.500251	22.068	1.320519	-45.159	-0.500209	21.006	1.311242	-50.134	-0.502785	23.226	1.328616	-45.714	-0.499872	21.505	1.312887	-49.281	-0.5022	21.543	1.350984	-50.194	-0.504582	20.816000000000003
1.315549	-49.097	-0.457116	20.750999999999998	1.322465	-44.720000000000006	-0.462013	20.427	1.324029	-50.562999999999995	-0.460363	21.884	1.319421	-45.223	-0.459656	20.820999999999998	1.310133	-50.208999999999996	-0.457147	23.042	1.327516	-45.778	-0.457932	21.295	1.311623	-49.393	-0.462424	21.369	1.343716	-50.753	-0.45664	20.555
1.312704	-48.925000000000004	-0.415351	20.580000000000002	1.316999	-43.98	-0.415332	20.2	1.319803	-50.173	-0.414534	21.649	1.315531	-44.771	-0.414622	20.607	1.309058	-50.284	-0.416087	22.852999999999998	1.321119	-44.803000000000004	-0.416273	21.149	1.310372	-49.463	-0.412728	21.107999999999997	1.337455	-48.536	-0.409235	20.348000000000003
1.299479	-46.531000000000006	-0.368232	20.452	1.301436	-41.244	-0.36585	20.008000000000003	1.303595	-47.268	-0.368038	21.436	1.300781	-42.117000000000004	-0.367792	20.464	1.297138	-47.866	-0.368768	22.696	1.305152	-41.95	-0.370073	20.973	1.296658	-46.731	-0.371026	20.943	1.315496	-44.801	-0.370801	20.204
1.277832	-42.168	-0.321346	20.317	1.2786	-37.008	-0.320096	19.876	1.280427	-42.666999999999994	-0.320926	21.258	1.278425	-37.935	-0.325117	20.328	1.278312	-43.753	-0.321697	22.544	1.281505	-37.497	-0.322989	20.836000000000002	1.277007	-42.535000000000004	-0.324543	20.764000000000003	1.286009	-39.362	-0.321768	20.075
1.224068	-30.771	-0.278523	20.19	1.224399	-26.678	-0.27456	19.773	1.226255	-31.35	-0.278011	21.125999999999998	1.222149	-26.977	-0.278022	20.199	1.227252	-32.193	-0.279505	22.433999999999997	1.222795	-26.333	-0.275993	20.722	1.226074	-31.319	-0.277492	20.632	1.225219	-28.058	-0.272867	19.95
1.173194	-20.34	-0.235763	20.108	1.166266	-16.115000000000002	-0.229257	19.651	1.172775	-20.512	-0.235356	21.007	1.165109	-16.474	-0.230633	20.081000000000003	1.176051	-21.051000000000002	-0.232234	22.288	1.165083	-15.997000000000002	-0.233644	20.604999999999997	1.173898	-20.326	-0.230732	20.492	1.170568	-18.027	-0.233497	19.864
1.116645	-9.947	-0.184167	19.937	1.103342	-5.9319999999999995	-0.184335	19.524	1.117355	-10.370000000000001	-0.188359	20.848	1.109244	-7.223	-0.18827	19.976	1.122266	-10.425	-0.185498	22.134	1.108031	-6.769	-0.18744	20.451	1.11832	-9.844999999999999	-0.188156	20.372999999999998	1.108493	-8.354000000000001	-0.185245	19.720000000000002
1.056344	-0.808	-0.141342	19.804	1.04861	1.323	-0.139031	19.383000000000003	1.056961	-1.142	-0.140418	20.702	1.04931	1.092	-0.141615	19.817999999999998	1.06582	-0.94	-0.14328	22.0	1.045831	1.623	-0.145371	20.317	1.061216	-0.878	-0.141192	20.212	1.04849	0.176	-0.145263	19.607
0.992293	6.2700000000000005	-0.10012	19.674	0.99288	6.998	-0.097143	19.266	0.993075	6.117	-0.099405	20.539	0.985985	7.659	-0.099298	19.66	1.003651	6.991	-0.101425	21.831	0.987285	7.592	-0.098406	20.126	0.997762	6.49	-0.100092	20.074	0.988622	6.2090000000000005	-0.101371	19.445
0.940651	10.029	-0.055435	19.449	0.940651	10.735	-0.058135	19.116	0.939724	10.177	-0.054408	20.320999999999998	0.942996	10.706	-0.053652	19.458	0.93613	12.641	-0.052801	21.561	0.945444	10.622	-0.053092	19.942	0.940329	10.88	-0.054722	19.854	0.942914	9.123	-0.052969	19.258
0.922583	10.897	-0.010514	19.249	0.915094	11.912	-0.011094	18.863999999999997	0.90233	12.163	-0.009556	20.084	0.922543	11.735000000000001	-0.00832	19.226	0.897546	14.614	-0.012456	21.387	0.922827	11.852	-0.007411	19.692999999999998	0.894621	13.027000000000001	-0.010059	19.631	0.923003	10.403	-0.013818	19.084
0.883472	12.753	0.037999	18.941	0.878705	13.483	0.031626	18.642	0.873555	13.357000000000001	0.034912	19.793000000000003	0.883181	13.572000000000001	0.032545	19.011	0.871535	15.637000000000002	0.035313	21.049	0.88452	13.716000000000001	0.033314	19.477999999999998	0.871608	13.879000000000001	0.03463	19.371	0.883411	12.442	0.033226	18.826
0.836548	14.395	0.077692	18.695	0.830655	14.966	0.077847	18.343999999999998	0.833269	14.759	0.082752	19.386	0.835175	15.171000000000001	0.081412	18.637	0.833484	16.918	0.078645	20.756	0.83824	15.318	0.081635	19.093	0.833826	15.134	0.078726	19.101	0.833108	14.027	0.079831	18.501
0.784695	15.657	0.124463	18.271	0.781915	16.022000000000002	0.123333	17.981	0.785659	15.983	0.122042	19.101	0.786306	16.308	0.125205	18.301000000000002	0.784582	18.105	0.125268	20.336	0.787335	16.567999999999998	0.12539	18.751	0.785566	16.308	0.126011	18.703	0.783244	15.26	0.126278	18.14
0.736758	16.473000000000003	0.167963	17.867	0.734158	16.741	0.167307	17.608999999999998	0.738327	16.885	0.169042	18.509	0.735146	17.146	0.168781	17.897	0.736886	18.956	0.16812	19.927	0.73483	17.442	0.168382	18.335	0.737542	17.112	0.17109	18.273999999999997	0.733941	16.114	0.171845	17.72
0.692276	17.083000000000002	0.215201	17.283	0.69049	17.271	0.21786	16.975	0.69064	17.587	0.212153	17.993	0.689534	17.698999999999998	0.216553	17.302000000000003	0.68761	19.632	0.212134	19.403	0.68778	18.05	0.216161	17.767000000000003	0.689717	17.774	0.215741	17.8	0.69502	17.02	0.21632	17.259
0.643015	17.634	0.257763	16.742	0.645677	17.689	0.264303	16.391	0.64566	18.139	0.257677	17.204	0.642683	18.13	0.260665	16.757	0.640911	20.11	0.25889	18.706	0.639794	18.526	0.258874	17.204	0.638969	18.288	0.259785	17.269	0.641805	17.6	0.260155	16.692
0.596187	18.022	0.302357	15.966999999999999	0.596258	18.088	0.305613	15.879000000000001	0.595327	18.664	0.301587	16.378	0.595136	18.513	0.303109	16.122	0.597321	20.458000000000002	0.304627	17.945	0.595252	18.892	0.300883	16.598000000000003	0.595967	18.636	0.302877	16.634	0.593273	17.737	0.303262	16.073
0.548784	18.388	0.34272	15.286	0.554003	18.336000000000002	0.348937	15.093	0.552724	19.016000000000002	0.344206	15.404	0.550507	18.794999999999998	0.344997	15.403	0.548735	20.829	0.346062	17.232	0.550158	19.189	0.345121	15.783999999999999	0.552495	18.948	0.348504	15.806000000000001	0.55945	18.251	0.348453	15.259
0.505196	18.653	0.38761	14.168	0.507309	18.603	0.394842	14.137	0.505336	19.36	0.385339	14.326	0.500413	19.087	0.391944	14.314	0.503681	21.114	0.389196	16.271	0.499395	19.480999999999998	0.391381	14.772	0.50406	19.243	0.392823	14.906	0.504465	18.599	0.387263	14.578000000000001
0.460247	18.918	0.430903	13.013	0.452265	18.879	0.438907	13.105	0.460486	19.644	0.429384	12.872	0.457037	19.274	0.434877	13.331000000000001	0.456403	21.363	0.434517	15.071	0.456887	19.699	0.434046	13.767	0.458162	19.463	0.431762	14.13	0.461688	18.811	0.429181	13.573
0.413798	19.148	0.471803	11.83	0.406297	19.056	0.475255	12.371	0.409419	19.959999999999997	0.468835	11.562	0.408747	19.490000000000002	0.475273	12.307	0.413341	21.558	0.473948	14.063	0.414191	19.883000000000003	0.474874	12.751999999999999	0.410112	19.705000000000002	0.474215	12.99	0.418319	18.967000000000002	0.472961	12.411
0.362375	19.397000000000002	0.516484	10.187	0.360382	19.203000000000003	0.514886	11.224	0.366744	20.16	0.511764	9.772	0.364793	19.634999999999998	0.519093	10.936	0.360487	21.791999999999998	0.517512	12.604000000000001	0.362219	20.097	0.519721	11.292	0.366036	19.867	0.518086	11.643	0.36123	19.321	0.515516	11.154
0.319751	19.551	0.558174	8.663	0.318906	19.331	0.558793	9.714	0.319425	20.372999999999998	0.554003	7.936999999999999	0.320401	19.762999999999998	0.559728	9.642	0.321301	21.902	0.56029	11.07	0.318915	20.230999999999998	0.561437	9.987	0.317566	20.083	0.561212	10.222999999999999	0.321047	19.368	0.557475	9.834000000000001
0.276683	19.677	0.600871	6.882	0.272168	19.433	0.602173	8.141	0.275847	20.532999999999998	0.597532	5.8149999999999995	0.271333	19.915	0.60408	7.951	0.272502	22.048000000000002	0.604344	9.267	0.274918	20.36	0.607154	8.172	0.272874	20.184	0.603242	8.722999999999999	0.271388	19.477999999999998	0.602616	8.089
0.229111	19.831999999999997	0.643829	4.971	0.225157	19.544	0.645699	6.439	0.227713	20.695999999999998	0.641433	3.558	0.22653	20.001	0.647947	6.156	0.2281	22.163999999999998	0.645634	7.5729999999999995	0.231253	20.435	0.650248	6.5360000000000005	0.228236	20.306	0.647085	6.936999999999999	0.227567	19.654999999999998	0.649059	6.203
0.185684	19.931	0.688218	2.7950000000000004	0.183057	19.594	0.691679	4.436	0.184139	20.817	0.68499	1.256	0.182713	20.069	0.691769	4.286	0.183957	22.253	0.690917	5.333	0.183414	20.552	0.691351	4.898	0.18322	20.378	0.690964	5.042	0.183183	19.756	0.694231	4.244000000000001
0.138111	20.016	0.732424	0.575	0.136736	19.679	0.737193	2.366	0.140954	20.91	0.73004	-1.267	0.144518	20.128	0.735151	2.354	0.142029	22.313	0.733461	3.291	0.140202	20.619	0.734093	3.053	0.140056	20.464	0.736246	2.897	0.13812	19.810000000000002	0.738992	2.258
0.096299	20.117	0.776189	-1.653	0.100403	19.713	0.784256	0.04	0.094385	21.015	0.774841	-3.81	0.092052	20.198	0.779977	0.185	0.095439	22.407	0.777217	0.966	0.09726	20.671	0.778589	0.897	0.093531	20.576	0.778875	0.897	0.093622	19.886999999999997	0.780497	0.424
0.054314	20.177	0.821553	-4.119000000000001	0.051094	19.787	0.826518	-1.8639999999999999	0.051851	21.099	0.819518	-6.325	0.048865	20.249	0.822265	-1.802	0.049163	22.471	0.820545	-1.392	0.049847	20.76	0.822206	-1.222	0.051034	20.608	0.823005	-1.381	0.052601	19.936	0.823427	-1.694
0.003089	20.266	0.863591	-6.343	0.005962	19.834999999999997	0.869441	-4.074000000000001	0.004985	21.171	0.86165	-8.599	0.005904	20.292	0.867373	-4.282	0.00685	22.519000000000002	0.863926	-3.974	0.001812	20.801	0.867889	-3.679	0.008698	20.677999999999997	0.864395	-3.606	0.007337	19.992	0.865124	-3.839
-0.039271	20.327	0.906867	-8.861	-0.034591	19.878	0.909429	-6.14	-0.037233	21.244	0.90753	-11.366	-0.042039	20.349	0.909467	-6.559	-0.03959	22.576	0.905952	-6.559	-0.040983	20.851000000000003	0.910756	-6.007000000000001	-0.042989	20.747	0.90668	-6.128	-0.037761	20.048	0.907304	-6.2620000000000005
-0.086197	20.358	0.95131	-11.663	-0.08395	19.934	0.949907	-8.524000000000001	-0.084587	21.288999999999998	0.950891	-13.911	-0.084952	20.389	0.952156	-9.206000000000001	-0.081434	22.611	0.946474	-9.272	-0.084061	20.886	0.952219	-8.452	-0.085668	20.792	0.947544	-8.773	-0.083468	20.091	0.948376	-8.811
-0.128683	20.413	0.993545	-14.379	-0.131189	19.982	0.989489	-11.028	-0.13176	21.357	0.996682	-16.858	-0.128678	20.412	0.993693	-11.919	-0.129294	22.677	0.98961	-12.55	-0.132105	20.944	0.996625	-11.448	-0.128248	20.825	0.990961	-11.941	-0.129031	20.126	0.992083	-11.872
-0.177075	20.476000000000003	1.037935	-17.423000000000002	-0.177896	20.0	1.034568	-14.305	-0.176426	21.364	1.04023	-19.61	-0.176992	20.456	1.036671	-14.965	-0.177894	22.721999999999998	1.032983	-16.064	-0.175598	20.969	1.037692	-14.241999999999999	-0.176289	20.892	1.035124	-15.376000000000001	-0.170124	20.160999999999998	1.037556	-15.206000000000001
-0.220943	20.505	1.082633	-20.452	-0.224228	20.018	1.08187	-17.794	-0.224757	21.443	1.086003	-22.563	-0.220389	20.483	1.081955	-18.255	-0.221351	22.737000000000002	1.076078	-19.563	-0.218992	21.005	1.082123	-17.551000000000002	-0.22031	20.907	1.079515	-18.793	-0.223552	20.195	1.081269	-18.334
-0.264439	20.53	1.131022	-23.535	-0.270788	20.055	1.130114	-21.211000000000002	-0.264094	21.446	1.133453	-25.356	-0.269146	20.514999999999997	1.125969	-21.331	-0.269746	22.790000000000003	1.121683	-23.294999999999998	-0.267045	21.041	1.124059	-20.56	-0.268477	20.961000000000002	1.124631	-22.173	-0.268856	20.229	1.127411	-21.652
-0.312978	20.575	1.176125	-26.025	-0.312251	20.086	1.177837	-24.268	-0.312419	21.493000000000002	1.178434	-27.743	-0.312719	20.53	1.173283	-24.441000000000003	-0.308735	22.802	1.168112	-26.841	-0.315223	21.068	1.168503	-23.798	-0.31178	20.997	1.170086	-25.38	-0.314243	20.26	1.170942	-24.348000000000003
-0.356549	20.589	1.224061	-28.557	-0.36426	20.13	1.218319	-26.781	-0.357147	21.514	1.223911	-30.061	-0.356161	20.587	1.217578	-27.317	-0.357165	22.838	1.211328	-30.108	-0.353788	21.105	1.213204	-27.076	-0.35537	21.002	1.21436	-28.57	-0.359193	20.304	1.216964	-27.254
-0.405522	20.59	1.269077	-31.327	-0.400574	20.137999999999998	1.260859	-29.729	-0.405749	21.555999999999997	1.267012	-32.609	-0.399999	20.589	1.260998	-30.523999999999997	-0.400946	22.873	1.254041	-33.806000000000004	-0.401613	21.122	1.257901	-30.752000000000002	-0.403406	21.073999999999998	1.254059	-32.079	-0.39947	20.304	1.260319	-30.333
-0.444027	20.634	1.303848	-34.532000000000004	-0.45133	20.207	1.295236	-32.986000000000004	-0.444341	21.618	1.306214	-35.833999999999996	-0.44759	20.642	1.297904	-34.238	-0.448986	22.934	1.290285	-38.051	-0.444955	21.197	1.294735	-34.662	-0.441555	21.123	1.290545	-36.234	-0.44891	20.412	1.297392	-33.815999999999995
-0.489939	20.75	1.33589	-38.858	-0.486079	20.322	1.331595	-37.375	-0.489624	21.787	1.339446	-40.053	-0.488958	20.782999999999998	1.329425	-38.809999999999995	-0.490892	23.064	1.358012	-46.576	-0.492499	21.313	1.366304	-42.812000000000005	-0.491491	21.311	1.364609	-45.358999999999995	-0.492589	20.547	1.335047	-38.695
-0.533926	20.937	1.37125	-44.81	-0.531562	20.622	1.356257	-42.158	-0.532838	22.119	1.380497	-46.246	-0.533196	21.045	1.346545	-43.141	-0.531039	23.279999999999998	1.333883	-48.411	-0.533316	21.576	1.345876	-44.37	-0.529877	21.595	1.339648	-47.241	-0.531914	20.865000000000002	1.393692	-46.93
