B4__cTiO2_spiro__p1__1.0Sun__Rv__scan0	B4__cTiO2_spiro__p1__1.0Sun__Rv__scan0	B4__cTiO2_spiro__p1__1.0Sun__Fw__scan0	B4__cTiO2_spiro__p1__1.0Sun__Fw__scan0	B4__cTiO2_spiro__p2__1.0Sun__Rv__scan0	B4__cTiO2_spiro__p2__1.0Sun__Rv__scan0	B4__cTiO2_spiro__p2__1.0Sun__Fw__scan0	B4__cTiO2_spiro__p2__1.0Sun__Fw__scan0	B4__cTiO2_spiro__p3__1.0Sun__Rv__scan0	B4__cTiO2_spiro__p3__1.0Sun__Rv__scan0	B4__cTiO2_spiro__p3__1.0Sun__Fw__scan0	B4__cTiO2_spiro__p3__1.0Sun__Fw__scan0	B4__cTiO2_spiro__p4__1.0Sun__Rv__scan0	B4__cTiO2_spiro__p4__1.0Sun__Rv__scan0	B4__cTiO2_spiro__p4__1.0Sun__Fw__scan0	B4__cTiO2_spiro__p4__1.0Sun__Fw__scan0	B4__cTiO2_spiro__p5__1.0Sun__Rv__scan0	B4__cTiO2_spiro__p5__1.0Sun__Rv__scan0	B4__cTiO2_spiro__p5__1.0Sun__Fw__scan0	B4__cTiO2_spiro__p5__1.0Sun__Fw__scan0	B4__cTiO2_spiro__p6__1.0Sun__Rv__scan0	B4__cTiO2_spiro__p6__1.0Sun__Rv__scan0	B4__cTiO2_spiro__p6__1.0Sun__Fw__scan0	B4__cTiO2_spiro__p6__1.0Sun__Fw__scan0	B4__cTiO2_spiro__p7__1.0Sun__Rv__scan0	B4__cTiO2_spiro__p7__1.0Sun__Rv__scan0	B4__cTiO2_spiro__p7__1.0Sun__Fw__scan0	B4__cTiO2_spiro__p7__1.0Sun__Fw__scan0	B4__cTiO2_spiro__p8__1.0Sun__Rv__scan0	B4__cTiO2_spiro__p8__1.0Sun__Rv__scan0	B4__cTiO2_spiro__p8__1.0Sun__Fw__scan0	B4__cTiO2_spiro__p8__1.0Sun__Fw__scan0
1.391681	-55.858	-0.502154	20.34	1.393383	-51.872	-0.497462	20.853	1.389442	-63.102000000000004	-0.499548	23.464	1.39443	-53.451	-0.503231	22.216	1.387187	-61.162	-0.500464	23.575	1.392534	-51.3	-0.503491	21.331	1.391162	-55.516999999999996	-0.504793	19.828	1.395829	-43.961	-0.501511	19.787
1.382724	-54.326	-0.453834	20.282999999999998	1.3824	-50.12	-0.459715	20.812	1.382161	-61.830000000000005	-0.456526	23.408	1.382367	-51.387	-0.456174	22.182	1.380799	-60.237	-0.458219	23.523	1.381017	-49.542	-0.456944	21.262	1.383199	-54.217	-0.457291	19.803	1.382311	-41.977000000000004	-0.459705	19.752
1.362614	-50.387	-0.415152	20.229	1.360402	-46.119	-0.411895	20.758	1.364675	-58.024	-0.413618	23.349999999999998	1.362288	-47.690999999999995	-0.413712	22.123	1.362109	-56.408	-0.411386	23.436	1.359869	-45.905	-0.408943	21.213	1.362997	-50.234	-0.409792	19.746	1.359439	-38.454	-0.41227	19.715
1.310633	-39.625	-0.367125	20.157999999999998	1.303625	-35.471000000000004	-0.368855	20.712	1.340585	-52.568	-0.366031	23.279999999999998	1.334111	-42.374	-0.371262	22.087	1.338213	-51.24	-0.368317	23.393	1.332108	-40.902	-0.369966	21.158	1.309421	-39.187	-0.366651	19.704	1.32922	-33.785000000000004	-0.363338	19.678
1.25673	-28.675	-0.319572	20.117	1.252539	-26.035	-0.320723	20.656000000000002	1.286104	-39.904	-0.322435	23.253	1.273117	-30.771	-0.319836	22.015	1.282973	-38.819	-0.319873	23.327	1.269832	-29.496000000000002	-0.320734	21.114	1.25809	-28.863	-0.323751	19.66	1.263174	-23.507	-0.323732	19.639
1.205857	-18.807000000000002	-0.277113	20.064	1.199172	-16.634	-0.277335	20.611	1.234654	-28.302	-0.273304	23.184	1.215923	-20.299999999999997	-0.277092	21.965	1.230705	-27.366999999999997	-0.281164	23.262999999999998	1.213001	-19.432000000000002	-0.272328	21.052	1.207623	-19.177	-0.276127	19.614	1.19824	-13.866	-0.274504	19.602
1.154951	-9.684999999999999	-0.234955	20.01	1.146847	-8.047	-0.229219	20.558	1.18144	-16.945	-0.234693	23.129	1.156945	-10.214	-0.234776	21.922	1.178133	-16.441000000000003	-0.22809	23.184	1.155204	-9.817	-0.233262	20.997	1.153983	-9.637	-0.233547	19.566	1.137951	-5.526	-0.230028	19.54
1.100338	-1.048	-0.188265	19.932	1.091183	0.102	-0.190677	20.525000000000002	1.125016	-6.046	-0.18573	23.057000000000002	1.101425	-1.649	-0.187817	21.843	1.121909	-5.774	-0.184664	23.111	1.100032	-1.56	-0.184172	20.929	1.099921	-1.21	-0.186234	19.491999999999997	1.083532	1.193	-0.18572	19.498
1.041173	6.532	-0.141086	19.869	1.03683	6.687	-0.138394	20.424999999999997	1.065727	3.643	-0.142251	22.993	1.044299	5.857	-0.140788	21.78	1.065672	3.3019999999999996	-0.145943	23.041	1.039954	6.0280000000000005	-0.145097	20.845	1.039817	6.321000000000001	-0.143477	19.463	1.038316	5.989000000000001	-0.141803	19.433
0.986073	11.520000000000001	-0.098606	19.813000000000002	0.990039	11.102	-0.095763	20.36	1.000004	11.662	-0.094123	22.929000000000002	0.989344	11.455	-0.098905	21.692	1.00306	11.117	-0.093583	22.921	0.992427	10.716	-0.09672	20.773	0.98652	11.134	-0.095577	19.378	0.991235	10.089	-0.0967	19.415000000000003
0.943364	14.153	-0.050705	19.703	0.942741	14.283000000000001	-0.053467	20.297	0.937412	16.47	-0.050571	22.828	0.945775	14.674	-0.051992	21.624000000000002	0.935666	16.506	-0.051958	22.83	0.941673	14.353	-0.049511	20.655	0.944044	13.738	-0.053187	19.307000000000002	0.946589	13.049	-0.050127	19.326
0.922199	15.129999999999999	-0.007263	19.634	0.921656	15.350000000000001	-0.011305	20.218	0.898988	18.345	-0.007169	22.77	0.921214	16.084999999999997	-0.005702	21.516000000000002	0.896848	18.44	-0.011591	22.743	0.921251	15.411	-0.006861	20.595	0.920057	14.855	-0.006585	19.220000000000002	0.919855	14.369	-0.008404	19.24
0.878984	16.615000000000002	0.040666	19.526999999999997	0.878674	16.97	0.039722	20.122	0.87268	19.314999999999998	0.034791	22.663	0.884976	17.663	0.037407	21.453	0.873904	19.299	0.03764	22.603	0.87978	17.127	0.035345	20.492	0.879985	16.223000000000003	0.035753	19.133	0.880843	15.879000000000001	0.037706	19.178
0.829695	17.696	0.084242	19.452	0.834032	18.106	0.081466	20.023	0.830006	20.482	0.086104	22.525	0.833345	19.198	0.079869	21.353	0.830535	20.554	0.077863	22.488999999999997	0.832269	18.401	0.082039	20.374	0.831895	17.331	0.082577	19.040000000000003	0.833047	17.105	0.079257	19.088
0.780212	18.443	0.126955	19.324	0.777033	18.996	0.127778	19.901	0.783381	21.311	0.128019	22.423	0.786706	20.060000000000002	0.13131	21.188	0.779886	21.494	0.126522	22.325999999999997	0.780304	19.305	0.128901	20.239	0.778747	18.108	0.129222	18.932000000000002	0.781586	17.955	0.129609	18.971999999999998
0.732358	18.898000000000003	0.174706	19.223	0.735059	19.442	0.174037	19.779	0.733682	21.905	0.170141	22.313	0.733107	20.755	0.173396	21.087000000000003	0.734151	22.04	0.170965	22.21	0.734221	19.834	0.175643	20.108	0.732008	18.599999999999998	0.171312	18.833	0.732274	18.488	0.171122	18.873
0.683004	19.239	0.217459	19.063	0.682637	19.834	0.218121	19.652	0.686402	22.302	0.220695	22.106	0.685377	21.138	0.215749	20.957	0.686724	22.448	0.216122	22.029	0.68576	20.233	0.218526	19.953	0.683023	18.918	0.21841	18.677	0.685243	18.833	0.218085	18.768
0.6369	19.461	0.265097	18.897000000000002	0.642529	20.053	0.261983	19.497	0.641558	22.556	0.25812	21.988	0.640816	21.424	0.262195	20.828	0.637845	22.748	0.264627	21.823	0.636247	20.487	0.261776	19.830000000000002	0.642569	19.122	0.265942	18.543	0.640911	19.029	0.267081	18.613
0.590256	19.652	0.307742	18.756999999999998	0.592217	20.227999999999998	0.31036	19.310000000000002	0.590809	22.799	0.309825	21.737	0.590541	21.647	0.309608	20.633	0.592267	22.953000000000003	0.308155	21.657	0.595357	20.695	0.309003	19.626	0.591772	19.317	0.308906	18.402	0.596378	19.238000000000003	0.306409	18.504
0.547728	19.761	0.353713	18.541999999999998	0.546543	20.381	0.358223	19.071	0.54738	22.944	0.352621	21.557	0.548028	21.793	0.352137	20.47	0.550931	23.088	0.350971	21.454	0.548242	20.825	0.356054	19.409	0.545036	19.444	0.351482	18.252000000000002	0.546109	19.384999999999998	0.354661	18.3
0.49925	19.885	0.395901	18.372	0.498815	20.461	0.397471	18.936999999999998	0.498724	23.061	0.399304	21.273	0.499563	21.888	0.398785	20.25	0.496438	23.211	0.398388	21.195	0.500709	20.938	0.398543	19.23	0.501845	19.541	0.397799	18.03	0.502235	19.462	0.403204	18.116
0.456087	19.956000000000003	0.441542	18.1	0.454321	20.551	0.444301	18.63	0.454731	23.161	0.445747	20.965	0.456167	21.971	0.445057	20.015	0.456692	23.302	0.445546	20.899	0.451917	21.038	0.440655	19.012999999999998	0.453309	19.622	0.4443	17.822999999999997	0.452461	19.560000000000002	0.441927	17.963
0.41287	20.023	0.486736	17.794999999999998	0.409475	20.618000000000002	0.487285	18.409	0.405383	23.227999999999998	0.487068	20.706	0.407667	22.055000000000003	0.486845	19.801	0.406848	23.362000000000002	0.488005	20.652	0.408039	21.092	0.486735	18.727	0.409458	19.654999999999998	0.486241	17.608999999999998	0.407382	19.601	0.489674	17.697
0.364455	20.084999999999997	0.531883	17.464	0.363864	20.649	0.53046	18.063	0.365415	23.289	0.532236	20.306	0.363753	22.096	0.532697	19.486	0.36183	23.417	0.533083	20.32	0.368793	21.162	0.531366	18.423	0.365624	19.705000000000002	0.531722	17.326999999999998	0.362387	19.68	0.534827	17.424
0.316103	20.139	0.576204	17.087	0.318914	20.721	0.577169	17.633	0.320798	23.331999999999997	0.5734	19.921999999999997	0.319452	22.137	0.577185	19.149	0.316814	23.465	0.576446	19.958	0.314834	21.22	0.575311	18.088	0.316858	19.762999999999998	0.576064	17.034	0.317256	19.705000000000002	0.57428	17.192
0.276807	20.165	0.623315	16.565	0.273612	20.766	0.619679	17.225	0.271413	23.372	0.618135	19.372	0.275317	22.169999999999998	0.616135	18.834	0.276296	23.493	0.619145	19.534	0.275331	21.26	0.622477	17.614	0.27726	19.77	0.61979	16.665	0.271727	19.739	0.620097	16.747999999999998
0.227645	20.209	0.661985	16.16	0.227955	20.784	0.660652	16.697	0.228452	23.419999999999998	0.662698	18.719	0.227328	22.205	0.665419	18.158	0.225725	23.526	0.664631	18.959	0.23083	21.276	0.664998	17.186	0.228059	19.812	0.666308	16.185000000000002	0.231372	19.757	0.661052	16.312
0.183441	20.259	0.70638	15.436	0.177896	20.809	0.703618	15.980999999999998	0.189996	23.441	0.705059	17.925	0.188293	22.212	0.70543	17.555	0.18855	23.541	0.704905	18.363999999999997	0.181602	21.299	0.706023	16.598000000000003	0.184231	19.822	0.70795	15.678999999999998	0.182863	19.791	0.704096	15.65
0.139224	20.285	0.752212	14.442	0.140237	20.829	0.748012	14.973	0.13714	23.464	0.745149	16.982	0.140005	22.256999999999998	0.749491	16.517	0.142742	23.563000000000002	0.749805	17.367	0.138159	21.304	0.748485	15.793999999999999	0.136412	19.837	0.751056	14.881	0.140813	19.819	0.748322	14.731
0.090282	20.296000000000003	0.789484	13.498	0.097386	20.849	0.790738	13.719	0.093904	23.477999999999998	0.788707	15.540999999999999	0.091713	22.261	0.787866	15.403	0.096167	23.544	0.788777	16.279999999999998	0.094485	21.32	0.792049	14.562000000000001	0.097413	19.814	0.791921	13.92	0.093448	19.808	0.787665	13.682
0.051034	20.306	0.832116	11.953	0.049939	20.882	0.830838	12.23	0.050675	23.479	0.829382	13.833	0.048116	22.270000000000003	0.828893	13.757	0.05036	23.573	0.831331	14.606	0.050949	21.323999999999998	0.83239	13.155	0.049913	19.848000000000003	0.835211	12.449	0.050935	19.819	0.833856	11.984
0.002037	20.336	0.871658	10.192	0.00675	20.849	0.87315	10.179	0.002544	23.509999999999998	0.86921	11.681000000000001	0.003882	22.261	0.86921	11.764999999999999	0.004461	23.586	0.869868	12.663	0.002545	21.335	0.874929	11.151	0.001942	19.859	0.872582	10.901	0.003684	19.814	0.871375	10.344000000000001
-0.037426	20.320999999999998	0.913416	7.845	-0.040917	20.879	0.912726	7.864	-0.041569	23.516	0.905805	9.298	-0.039533	22.256	0.90893	9.317	-0.037255	23.575	0.910106	10.071	-0.04118	21.326999999999998	0.911633	9.081999999999999	-0.040987	19.872	0.912168	8.792	-0.038766	19.819	0.914249	8.018
-0.087163	20.343	0.951739	5.269	-0.088668	20.889000000000003	0.951032	5.199	-0.085995	23.517	0.945941	6.117	-0.086966	22.269000000000002	0.947778	6.46	-0.084315	23.576	0.948947	7.055	-0.084566	21.323	0.950474	6.396	-0.084359	19.861	0.950788	6.231999999999999	-0.081738	19.794	0.954153	5.446000000000001
-0.134932	20.354	0.989697	2.232	-0.127121	20.882	0.987819	2.28	-0.130451	23.509999999999998	0.983227	2.648	-0.129913	22.263	0.986008	3.212	-0.133787	23.572	0.983734	3.9050000000000002	-0.134168	21.348	0.989183	3.229	-0.128373	19.858	0.991116	3.0010000000000003	-0.136416	19.838	0.992965	2.557
-0.172981	20.355	1.028609	-1.343	-0.175842	20.867	1.028103	-1.454	-0.179794	23.517	1.024018	-1.728	-0.177707	22.268	1.023563	-0.397	-0.177904	23.605999999999998	1.02281	-0.306	-0.178611	21.357	1.026979	-0.306	-0.176737	19.846	1.030068	-0.619	-0.176689	19.833	1.031178	-0.64
-0.221028	20.362000000000002	1.06724	-5.392	-0.224355	20.899	1.066249	-5.339	-0.219376	23.512999999999998	1.097253	-11.152000000000001	-0.216041	22.245	1.064567	-4.822	-0.222502	23.594	1.095108	-9.645000000000001	-0.218722	21.354000000000003	1.066348	-4.457	-0.224685	19.861	1.066646	-4.458	-0.221589	19.827	1.071368	-4.355
-0.268474	20.372999999999998	1.143452	-14.55	-0.263826	20.878	1.107369	-9.901	-0.268999	23.522000000000002	1.159549	-19.678	-0.268457	22.268	1.139881	-14.116	-0.266469	23.611	1.154932	-18.157	-0.268262	21.366	1.142551	-13.722	-0.26335	19.874	1.106794	-9.147	-0.271626	19.796999999999997	1.110741	-8.326
-0.306761	20.354	1.206257	-22.411	-0.312334	20.904	1.186278	-19.444	-0.313654	23.518	1.210843	-26.808	-0.311113	22.246	1.205542	-22.572	-0.311133	23.607	1.208979	-26.123	-0.312779	21.37	1.205637	-21.846	-0.311611	19.869	1.183876	-19.098	-0.311408	19.834	1.195857	-17.775
-0.359566	20.385	1.258279	-28.929	-0.361393	20.891	1.250185	-27.283	-0.357953	23.525000000000002	1.253884	-32.917	-0.354394	22.261	1.254922	-29.158	-0.355624	23.599	1.254001	-33.078	-0.357518	21.361	1.255284	-28.491	-0.359757	19.876	1.245457	-27.248	-0.355711	19.841	1.256491	-24.718
-0.403545	20.387	1.299205	-34.441	-0.400554	20.882	1.299572	-33.614	-0.401751	23.529999999999998	1.300692	-39.829	-0.40204	22.264	1.30051	-35.64	-0.404397	23.61	1.299276	-40.516000000000005	-0.402167	21.36	1.297625	-34.596000000000004	-0.398516	19.867	1.29966	-34.772999999999996	-0.401114	19.82	1.297924	-29.721
-0.442705	20.400000000000002	1.346731	-41.304	-0.449008	20.903000000000002	1.3435	-39.937	-0.445334	23.507	1.340826	-46.66	-0.444919	22.281	1.343274	-42.415	-0.447393	23.625	1.341634	-48.381	-0.446475	21.378	1.344295	-41.870999999999995	-0.4467	19.867	1.341716	-41.491	-0.449309	19.823	1.343174	-35.528
-0.496377	20.386000000000003	1.385346	-48.283	-0.487206	20.898	1.388684	-47.349000000000004	-0.493962	23.508000000000003	1.383531	-55.088	-0.492504	22.262	1.39088	-50.696	-0.490269	23.609	1.381636	-56.993	-0.493563	21.375999999999998	1.388722	-49.713	-0.494753	19.868	1.387377	-49.817	-0.491606	19.841	1.389894	-42.149
-0.53547	20.371	1.42538	-56.595	-0.539909	20.897	1.431034	-55.554	-0.537483	23.515	1.420222	-64.02	-0.535442	22.281	1.430191	-58.804	-0.537587	23.647000000000002	1.414932	-65.653	-0.536246	21.377	1.429351	-58.004	-0.532941	19.881	1.425465	-58.387	-0.53434	19.826	1.434949	-49.26
