B7__NOcTiO2_spiro__p1__1.0Sun__Rv__scan0	B7__NOcTiO2_spiro__p1__1.0Sun__Rv__scan0	B7__NOcTiO2_spiro__p1__1.0Sun__Fw__scan0	B7__NOcTiO2_spiro__p1__1.0Sun__Fw__scan0	B7__NOcTiO2_spiro__p2__1.0Sun__Rv__scan0	B7__NOcTiO2_spiro__p2__1.0Sun__Rv__scan0	B7__NOcTiO2_spiro__p2__1.0Sun__Fw__scan0	B7__NOcTiO2_spiro__p2__1.0Sun__Fw__scan0	B7__NOcTiO2_spiro__p3__1.0Sun__Rv__scan0	B7__NOcTiO2_spiro__p3__1.0Sun__Rv__scan0	B7__NOcTiO2_spiro__p3__1.0Sun__Fw__scan0	B7__NOcTiO2_spiro__p3__1.0Sun__Fw__scan0	B7__NOcTiO2_spiro__p4__1.0Sun__Rv__scan0	B7__NOcTiO2_spiro__p4__1.0Sun__Rv__scan0	B7__NOcTiO2_spiro__p4__1.0Sun__Fw__scan0	B7__NOcTiO2_spiro__p4__1.0Sun__Fw__scan0	B7__NOcTiO2_spiro__p5__1.0Sun__Rv__scan0	B7__NOcTiO2_spiro__p5__1.0Sun__Rv__scan0	B7__NOcTiO2_spiro__p5__1.0Sun__Fw__scan0	B7__NOcTiO2_spiro__p5__1.0Sun__Fw__scan0	B7__NOcTiO2_spiro__p6__1.0Sun__Rv__scan0	B7__NOcTiO2_spiro__p6__1.0Sun__Rv__scan0	B7__NOcTiO2_spiro__p6__1.0Sun__Fw__scan0	B7__NOcTiO2_spiro__p6__1.0Sun__Fw__scan0	B7__NOcTiO2_spiro__p7__1.0Sun__Rv__scan0	B7__NOcTiO2_spiro__p7__1.0Sun__Rv__scan0	B7__NOcTiO2_spiro__p7__1.0Sun__Fw__scan0	B7__NOcTiO2_spiro__p7__1.0Sun__Fw__scan0
1.381647	-62.71300000000001	-0.503195	20.208000000000002	1.321258	-43.663000000000004	-0.500532	19.301	1.312343	-47.586999999999996	-0.498902	20.971	1.364012	-46.621	-0.502674	20.485	1.307341	-49.93	-0.503536	23.376	1.375808	-56.914	-0.482236	75.876	0.616712	-102.666	-0.586569	75.709
1.376255	-62.411	-0.459085	19.921000000000003	1.319197	-43.83	-0.458803	19.11	1.310868	-47.684999999999995	-0.462142	20.750999999999998	1.358472	-46.67	-0.463645	20.18	1.306172	-50.031	-0.458493	23.022000000000002	1.372792	-57.123	-0.476618	74.501	0.604052	-103.62100000000001	-0.630447	70.191
1.357416	-59.071	-0.414756	19.648	1.314878	-43.41	-0.412033	18.883	1.309476	-47.805	-0.413081	20.441999999999997	1.337698	-44.547000000000004	-0.415564	19.827	1.304871	-50.119	-0.414245	22.696	1.348826	-54.152	-0.456952	70.975	0.601803	-103.782	-0.615114	62.54
1.332061	-53.981	-0.369506	19.424	1.29896	-40.954	-0.371265	18.731	1.29677	-45.493	-0.372324	20.229	1.310474	-41.07	-0.369933	19.579	1.294284	-48.044999999999995	-0.369683	22.422	1.318696	-50.493	-0.426195	66.797	0.596583	-104.176	-0.45651	48.059999999999995
1.277643	-42.257000000000005	-0.323077	19.241999999999997	1.275137	-36.839999999999996	-0.325008	18.576	1.276742	-41.518	-0.321214	20.046000000000003	1.280295	-36.765	-0.32351	19.334	1.275709	-44.06	-0.328735	22.237	1.287672	-45.425	-0.349772	56.765	0.594606	-104.34100000000001	-0.340058	39.222
1.225191	-31.017	-0.281301	19.081999999999997	1.217353	-26.093999999999998	-0.278425	18.455	1.223759	-30.406	-0.279401	19.921000000000003	1.2139	-26.612000000000002	-0.276967	19.131	1.226213	-32.940999999999995	-0.27841	22.046	1.218349	-34.478	-0.284535	48.374	0.593242	-104.458	-0.274771	34.65
1.171949	-20.288	-0.234318	18.966	1.160164	-16.168	-0.23201	18.324	1.1703	-19.692999999999998	-0.232472	19.79	1.152	-17.242	-0.235256	18.936	1.174504	-21.807	-0.232306	21.874000000000002	1.153081	-25.134	-0.229939	41.6	0.590905	-104.625	-0.231977	31.727999999999998
1.115877	-10.241	-0.187374	18.806	1.101542	-7.562	-0.185604	18.2	1.116236	-9.897	-0.190699	19.671999999999997	1.092861	-9.088000000000001	-0.188878	18.726	1.123234	-11.839	-0.190821	21.746000000000002	1.094701	-16.692	-0.187751	36.308	0.589389	-104.767	-0.208823	30.209
1.055893	-1.39	-0.140532	18.643	1.040979	0.046	-0.144065	18.072000000000003	1.05606	-0.865	-0.139278	19.501	1.035612	-2.334	-0.142977	18.481	1.065516	-2.281	-0.139915	21.538	1.027597	-9.700000000000001	-0.140571	30.445	0.595774	-104.26299999999999	-0.172954	27.887999999999998
0.991241	5.64	-0.098822	18.509	0.989133	4.944999999999999	-0.101617	17.918	0.990941	6.356	-0.102609	19.383999999999997	0.992641	1.818	-0.096628	18.233	0.999404	5.6610000000000005	-0.102495	21.38	0.997473	-6.5360000000000005	-0.093626	24.982	0.586967	-104.941	-0.131234	25.245
0.942278	9.292	-0.05347	18.311	0.94461	8.125	-0.050302	17.66	0.941785	10.029	-0.052267	19.172	0.944577	5.549	-0.056701	17.999000000000002	0.942191	10.9	-0.052088	21.105999999999998	0.973079	-4.742999999999999	-0.050659	20.029	0.587819	-104.86800000000001	-0.086761	22.481
0.922841	10.396	-0.009861	18.103	0.922499	9.360999999999999	-0.008091	17.479000000000003	0.92214	11.115	-0.011254	18.987000000000002	0.922758	6.838	-0.00917	17.654	0.899332	13.43	-0.006328	20.863	0.931169	-2.8489999999999998	-0.006432	14.972	0.588056	-104.849	-0.043197	19.794
0.883723	12.252	0.033495	17.858999999999998	0.886665	10.978	0.038332	17.201	0.883034	12.945	0.038375	18.718	0.886115	8.812000000000001	0.034391	17.307	0.87553	14.461	0.034434	20.589	0.884493	-1.295	0.039935	9.653	0.578803	-105.55000000000001	0.002772	16.907999999999998
0.836505	13.873	0.076317	17.578	0.837642	12.723999999999998	0.079711	16.937	0.83615	14.548	0.078502	18.471999999999998	0.842436	10.667	0.077395	16.929	0.83737	15.889000000000001	0.079025	20.247	0.8246	-0.63	0.083801	4.603000000000001	0.578161	-105.616	0.048188	14.017999999999999
0.785148	15.124	0.12262	17.212000000000003	0.787326	13.953	0.128752	16.503	0.787538	15.710999999999999	0.127119	18.064	0.791239	12.271	0.123271	16.407999999999998	0.788216	17.179	0.12775	19.793000000000003	0.766907	-0.517	0.131992	-1.006	0.57779	-105.63	0.083485	10.349
0.738238	15.941	0.168284	16.775000000000002	0.740291	14.775	0.169182	16.17	0.736276	16.612	0.171091	17.692	0.739391	13.446	0.164797	15.911999999999999	0.738215	18.064	0.167184	19.419999999999998	0.700888	-2.539	0.177942	-5.930000000000001	0.575587	-105.78999999999999	0.113966	5.909
0.689118	16.597	0.210375	16.387999999999998	0.687678	15.519	0.216143	15.615	0.686237	17.259	0.214288	17.271	0.692296	14.273	0.21492	15.109	0.690562	18.943	0.213343	18.838	0.650557	-4.881	0.248262	-7.85	0.569297	-106.262	0.183317	-4.98
0.642493	17.081	0.261519	15.667	0.641144	16.006	0.258573	15.102	0.643709	17.679000000000002	0.256945	16.761000000000003	0.647774	14.886999999999999	0.256692	14.46	0.643857	19.497	0.258804	18.183999999999997	0.628964	-5.3740000000000006	0.289692	-6.123	0.569234	-106.27300000000001	0.233687	-14.758000000000001
0.595187	17.483999999999998	0.304043	15.081000000000001	0.59722	16.357	0.300077	14.512	0.595695	18.091	0.30235	16.11	0.598287	15.492	0.300801	13.565000000000001	0.594116	19.825	0.29947	17.561	0.604096	-4.247	0.386858	-0.203	0.568586	-106.33099999999999	0.281989	-24.669
0.551255	17.75	0.345632	14.39	0.549387	16.706	0.344092	13.733	0.551162	18.41	0.34651	15.385	0.551717	15.966999999999999	0.343581	12.612	0.545196	19.834	0.345766	16.624	0.548571	-3.572	0.397918	1.002	0.562721	-105.279	0.326043	-34.753
0.504198	18.002	0.389623	13.491	0.50506	17.016	0.390129	12.779	0.501816	18.683000000000003	0.389764	14.553	0.504311	16.347	0.38858	11.433	0.488829	19.286	0.388286	15.743	0.535501	-0.85	0.403115	1.407	0.547163	-101.69	0.366042	-45.169000000000004
0.456901	18.248	0.435476	12.403	0.45826	17.206	0.432351	11.863999999999999	0.456697	18.897000000000002	0.431216	13.664000000000001	0.458207	16.711	0.429554	10.328000000000001	0.473206	20.692	0.432284	14.607999999999999	0.488761	1.397	0.429098	0.124	0.522226	-96.592	0.40743	-55.775
0.408884	18.419999999999998	0.47684	11.370999999999999	0.413217	17.503999999999998	0.475472	10.761	0.41468	19.069	0.47766	12.425	0.412116	17.04	0.473031	8.924	0.408043	20.604	0.475347	13.405000000000001	0.441839	3.615	0.466924	-1.717	0.468779	-84.802	0.450524	-66.437
0.360654	18.596	0.51864	10.168999999999999	0.366601	17.697	0.52041	9.414	0.363731	19.287	0.51993	11.251000000000001	0.365367	17.297	0.516212	7.437	0.369658	21.066000000000003	0.517055	12.120000000000001	0.3985	6.071	0.481731	-5.644	0.417	-73.38300000000001	0.487413	-77.581
0.321276	18.679000000000002	0.56219	8.761	0.319413	17.848	0.561885	8.146	0.320894	19.397000000000002	0.561393	9.978000000000002	0.322938	17.544	0.558238	5.911	0.323571	21.261	0.560619	10.562	0.345441	7.922000000000001	0.581262	-13.491	0.366262	-62.226	0.526767	-89.063
0.272258	18.806	0.604939	7.276000000000001	0.276719	17.971	0.604792	6.675999999999999	0.278757	19.539	0.604209	8.452	0.275034	17.76	0.602026	4.158	0.275338	21.305999999999997	0.605946	8.758999999999999	0.295705	9.894	0.641283	-15.658999999999999	0.315993	-51.224	0.578992	-100.009
0.233053	18.871	0.649374	5.528	0.229529	18.11	0.649746	4.95	0.226233	19.659	0.649168	6.687	0.22728	17.983	0.645695	2.3280000000000003	0.230306	21.628	0.646664	7.161	0.245491	11.476	0.656642	-16.743000000000002	0.266331	-40.446000000000005	0.59845	-104.03999999999999
0.183064	19.003	0.690915	3.9259999999999997	0.180943	18.203	0.691174	3.404	0.188056	19.729	0.690741	5.029	0.184226	18.145000000000003	0.691239	0.27399999999999997	0.187766	21.773	0.688754	5.326	0.200512	13.05	0.685063	-19.355	0.218919	-30.215	0.598575	-104.041
0.141627	19.044999999999998	0.736782	1.8370000000000002	0.142181	18.281	0.73678	1.4400000000000002	0.135247	19.834	0.736408	2.958	0.143092	18.288	0.734189	-1.606	0.13996	21.878	0.732368	3.27	0.152341	14.024	0.714099	-22.578	0.172083	-20.197	0.597552	-104.137
0.09594	19.09	0.779874	-0.092	0.093466	18.371	0.780011	-0.374	0.097147	19.877	0.781218	0.8180000000000001	0.097401	18.443	0.778944	-3.725	0.092105	22.012	0.775487	1.145	0.111953	15.487	0.759026	-26.084	0.124396	-10.283000000000001	0.602094	-103.789
0.054876	19.15	0.824347	-2.2569999999999997	0.049374	18.429000000000002	0.82473	-2.39	0.049669	19.939999999999998	0.823086	-1.22	0.051478	18.591	0.823733	-5.843	0.048991	22.076999999999998	0.820618	-1.266	0.066949	16.863	0.826344	-27.932	0.075001	-0.051	0.601197	-103.865
0.004554	19.21	0.867853	-4.4910000000000005	0.000533	18.514	0.869024	-4.537	0.006595	19.993000000000002	0.865364	-3.505	0.005541	18.743	0.865613	-7.82	0.005164	22.154	0.862796	-3.625	0.020318	18.093999999999998	0.913293	-27.033	0.026103	9.357000000000001	0.603457	-103.69399999999999
-0.036704	19.232	0.909205	-6.747000000000001	-0.038681	18.557000000000002	0.910217	-6.538	-0.040627	20.034	0.908521	-6.155	-0.040595	18.869	0.911426	-10.26	-0.042699	22.217000000000002	0.90784	-6.478000000000001	-0.026762	19.279	0.947617	-26.328	-0.025269	18.513	0.6051	-103.575
-0.084241	19.282	0.951262	-9.313	-0.087297	18.634999999999998	0.954882	-9.076	-0.084028	20.069	0.950264	-8.869	-0.082033	18.973	0.956265	-12.757	-0.08135	22.242	0.949282	-9.259	-0.070402	20.369999999999997	0.98098	-26.838	-0.075403	26.968	0.606902	-103.437
-0.131727	19.327	0.992345	-11.937	-0.131185	18.686999999999998	0.998226	-11.674999999999999	-0.131276	20.122	0.992775	-11.972	-0.129807	19.111	0.997836	-15.128	-0.134552	22.31	0.99137	-12.357999999999999	-0.119023	21.554	1.024674	-27.674	-0.122256	34.998000000000005	0.600812	-103.894
-0.175591	19.337	1.037233	-15.09	-0.178295	18.754	1.040844	-14.322	-0.179361	20.181	1.034465	-14.989	-0.172588	19.206	1.043712	-17.966	-0.178238	22.346	1.033879	-15.687	-0.150109	23.325	1.048172	-30.044	-0.169516	43.022999999999996	0.600942	-103.867
-0.223905	19.387	1.081784	-18.106	-0.21629	18.773000000000003	1.085369	-17.09	-0.217669	20.177	1.078653	-18.235	-0.225253	19.328000000000003	1.087762	-20.615000000000002	-0.216454	22.387	1.076232	-19.031	-0.19212	25.763	1.087982	-32.721000000000004	-0.217147	51.116	0.603986	-103.645
-0.262552	19.393	1.130912	-21.142	-0.26861	18.844	1.130781	-19.843	-0.265554	20.215	1.124665	-21.34	-0.263491	19.419	1.13246	-23.156	-0.268574	22.43	1.119166	-22.354	-0.219393	29.362	1.127247	-35.575	-0.266267	58.798	0.617601	-102.583
-0.3157	19.45	1.177024	-23.653	-0.311758	18.868	1.175113	-22.264	-0.313605	20.255	1.173409	-24.27	-0.31116	19.544999999999998	1.178532	-25.599	-0.311515	22.477	1.167693	-25.999000000000002	-0.25591	33.775	1.177361	-38.308	-0.313086	65.648	0.577846	-105.622
-0.354688	19.456999999999997	1.22575	-26.276999999999997	-0.355832	18.801	1.221835	-24.987	-0.357099	20.278000000000002	1.219946	-26.997	-0.35407	19.621	1.226645	-28.145	-0.354531	22.482	1.211171	-29.3	-0.330126	43.49	1.20625	-41.991	-0.358454	71.779	0.572137	-106.037
-0.402149	19.512999999999998	1.264838	-29.099	-0.398482	18.835	1.263727	-28.07	-0.400067	20.325	1.262421	-30.028	-0.401683	19.761	1.265302	-30.624	-0.401791	22.558999999999997	1.253124	-33.114	-0.390246	52.255	1.264823	-44.907999999999994	-0.404324	77.454	0.574147	-105.901
-0.443583	19.618	1.298405	-32.668	-0.44631	18.914	1.297476	-31.794000000000004	-0.447156	20.442999999999998	1.29916	-33.889	-0.447791	19.91	1.303059	-33.925999999999995	-0.443625	22.686999999999998	1.286857	-37.494	-0.438549	60.605	1.306984	-48.047	-0.454891	82.055	0.575842	-105.765
-0.488817	19.829	1.327998	-37.316	-0.493369	19.106	1.329998	-36.732	-0.488366	20.649	1.32882	-38.607	-0.487766	20.159	1.337388	-38.237	-0.488876	22.967000000000002	1.350325	-46.68	-0.488387	68.59	1.331822	-52.468	-0.507044	83.94600000000001	0.596129	-104.209
-0.530983	20.264	1.399601	-47.731	-0.533767	19.421	1.350075	-41.473000000000006	-0.531485	21.11	1.354422	-44.338	-0.52977	20.602	1.384094	-45.061	-0.531078	23.494999999999997	1.33061	-48.154	-0.507755	77.86	1.427423	-61.004000000000005	-0.559997	82.152	0.596668	-104.14800000000001
